function y = BD_stress_line(x)
    
    c = [4.91966e-2,0,0,0;
        0,7.57591e-2,0,0;
        0,0,2.17238e-1,0;
        0,0,0,1.00009e-1];

    d = [5.00036e1;5.00008e1;4.99648e1;5.00045e1];

    x = [x(1);x(2);x(3);x(4)];

    % B的目标函数：
    a1 = 7.14201e2;
    b1 = [6.49030,1.00723e1,-3.54744,1.28246e1];
    y1 = a1+b1*(c*x-d);

    % D的目标函数：
    a2 = 9.42799e2;
    b2 = [1.88104e1,7.09516,-2.32651,1.08948e1];
    y2 = a1+b1*(c*x-d);

    % 总的目标函数：
    y = [y1 y2]';    

end