function y = BD_stress_Xterms(x)

    c = [4.91966e-2,0,0,0;
        0,7.57591e-2,0,0;
        0,0,2.17238e-1,0;
        0,0,0,1.00009e-1];

    d = [5.00036e1;5.00008e1;4.99648e1;5.00045e1];

    x = [x(1);x(2);x(3);x(4)];

    % B的目标函数：
    a1 = 7.14057e2;

    b1 = [6.49155,1.00674e1,-3.54765,1.28289e1];
    
    B1 = [6.85135e-2,-6.99269e-2/2,-1.42584e-2/2,1.62663e-1/2;
        -6.99269e-2/2,1.14680e-1,-9.25117e-4/2,-1.29160e-1/2;
        -1.42584e-2/2,-9.25117e-4/2,-2.49299e-2,-1.18437e-2/2;
        1.62663e-1/2,-1.29160e-1/2,-1.18437e-2/2,-1.68695e-2];

    y1 = a1+b1*(c*x-d)+(c*x-d)'*B1*(c*x-d);

    % D的目标函数：
    a2 = 9.42084e2;

    b2 = [1.87925e1,7.10923,-2.295,1.09977e1];
    
    B2 = [7.52309e-1,2.36426e-1/2,1.55476e-1/2,-1.2285/2;
        2.36426e-1/2,1.91950e-2,7.75868e-2/2,-2.18328e-1/2;
        1.55476e-1/2,7.75868e-2/2,4.81757e-3,-3.56018e-1/2;
        -1.2285/2,-2.18328e-1/2,-3.56018e-1/2,-9.18835e-2];

    y2 = a2+b2*(c*x-d)+(c*x-d)'*B2*(c*x-d);

    % 总的目标函数：
    y = [y1 y2]';

end