function y = BD_stress_no_Xterms(x)

    c = [4.91966e-2,0,0,0;
        0,7.57591e-2,0,0;
        0,0,2.17238e-1,0;
        0,0,0,1.00009e-1];

    d = [5.00036e1;5.00008e1;4.99648e1;5.00045e1];

    x = [x(1);x(2);x(3);x(4)];

    % B的目标函数：
    a1 = 7.14059e2;

    b1 = [6.48987,1.00747e1,-3.54702,1.28329e1];
    
    B1 = [7.04747e-2,0,0,0;
        0,1.15447e-1,0,0;
        0,0,-2.82760e-2,0;
        0,0,0,-1.49220e-2];

    y1 = a1+b1*(c*x-d)+(c*x-d)'*B1*(c*x-d);

    % D的目标函数：
    a2 = 9.42096e2;

    b2 = [1.88090e1,7.12266,-2.29541,1.09162e1];
    
    B2 = [7.30068e-1,0,0,0;
        0,-2.07532e-3,0,0;
        0,0,3.84053e-2,0;
        0,0,0,-6.25582e-2];

    y2 = a2+b2*(c*x-d)+(c*x-d)'*B2*(c*x-d);

    % 总的目标函数：
    y = [y1 y2]';

end