function y = BDstrain_DOF_Xterms(x)

    c = [4.91966e-2,0,0,0;
        0,7.57591e-2,0,0;
        0,0,2.17238e-1,0;
        0,0,0,1.00009e-1];

    d = [5.00036e1;5.00008e1;4.99648e1;5.00045e1];

    x = [x(1);x(2);x(3);x(4)];

    % B的应变目标函数：
    a1 = 4.42802e-3;

    b1 = [3.97249e-5,6.26736e-5,-2.19322e-5,9.60809e-5];
    
    B1 = [4.92566e-7,-4.15589e-7/2,-5.22361e-8/2,9.51560e-7/2;
        -4.15589e-7/2,7.19333e-7,-1.22470e-9/2,-5.95414e-7/2;
        -5.22361e-8/2,-1.22470e-9/2,-1.53797e-7,-2.02594e-7/2;
        9.51560e-7/2,-5.95414e-7/2,-2.02594e-7/2,3.82106e-7];

    y1 = a1+b1*(c*x-d)+(c*x-d)'*B1*(c*x-d);

    % D的应变目标函数：
    a2 = 5.75725e-3;

    b2 = [1.14931e-4,4.34528e-5,-1.26323e-5,8.26056e-5];
    
    B2 = [4.60196e-6,1.42121e-6/2,1.00860e-6/2,-7.28609e-6/2;
        1.42121e-6/2,1.20870e-7,4.48961e-7/2,-1.26447e-6/2;
        1.00860e-6/2,4.48961e-7/2,3.39699e-8,-1.94344e-6/2;
        -7.28609e-6/2,-1.26447e-6/2,-1.94344e-6/2,1.13531e-6];

    y2 = a2+b2*(c*x-d)+(c*x-d)'*B2*(c*x-d);

    % DOF_27387(叶片径向变形)的目标函数：
    a3 = 9.90567e-1;

    b3 = [8.53132e-3,6.16370e-3,3.89536e-3,1.16272e-2];
    
    B3 = [9.60864e-5,4.62971e-6/2,6.97340e-6/2,-1.64547e-5/2;
        4.62971e-6/2,2.32914e-5,-6.11107e-7/2,-6.30436e-6/2;
        6.97340e-6/2,-6.11107e-7/2,3.62693e-5,5.49038e-5/2;
        -1.64547e-5/2,-6.30436e-6/2,5.49038e-5/2,5.17507e-5];

    y3 = a3+b3*(c*x-d)+(c*x-d)'*B3*(c*x-d);

    % DOF_88479(盘径向变形)的目标函数：
    a4 = 3.05195e-1;

    b4 = [5.72482e-3,-3.72223e-4,3.98613e-3,1.32553e-2];
    
    B4 = [5.73221e-5,1.33162e-6/2,2.37206e-6/2,4.51975e-6/2;
        1.33162e-6/2,2.50375e-7,-1.39120e-6/2,-5.38669e-6/2;
        2.37206e-6/2,-1.39120e-6/2,3.26689e-5,5.37955e-5/2;
        4.51975e-6/2,-5.38669e-6/2,5.37955e-5/2,3.33542e-5];

    y4 = a4+b4*(c*x-d)+(c*x-d)'*B4*(c*x-d);

    % 总的目标函数：
    y = [y1 y2 y3 y4]';

end