function y = B_stress_no_Xterms(x)
    a = 7.14059e2;

    a0 = [6.48987,1.00747e1,-3.54702,1.28329e1];
    
    B = [7.04747e-2,0,0,0;
        0,1.15447e-1,0,0;
        0,0,-2.82760e-2,0;
        0,0,0,-1.49220e-2];

    c = [4.91966e-2,0,0,0;
        0,7.57591e-2,0,0;
        0,0,2.17238e-1,0;
        0,0,0,1.00009e-1];

    d = [5.00036e1;5.00008e1;4.99648e1;5.00045e1];

    x = [x(1);x(2);x(3);x(4)];

    y = a+a0*(c*x-d)+(c*x-d)'*B*(c*x-d);
end