function y = D_stress_Xterms(x)
    a = 9.42084e2;

    a0 = [1.87925e1,7.10923,-2.295,1.09977e1];
    
    B = [7.52309e-1,2.36426e-1/2,1.55476e-1/2,-1.2285/2;
    2.36426e-1/2,1.91950e-2,7.75868e-2/2,-2.18328e-1/2;
    1.55476e-1/2,7.75868e-2/2,4.81757e-3,-3.56018e-1/2;
    -1.2285/2,-2.18328e-1/2,-3.56018e-1/2,-9.18835e-2];

    c = [4.91966e-2,0,0,0;
        0,7.57591e-2,0,0;
        0,0,2.17238e-1,0;
        0,0,0,1.00009e-1];

    d = [5.00036e1;5.00008e1;4.99648e1;5.00045e1];

    x = [x(1);x(2);x(3);x(4)];

    y = a+a0*(c*x-d)+(c*x-d)'*B*(c*x-d);
end