function y = D_stress_no_Xterms(x)
    a = 9.42096e2;

    a0 = [1.88090e1,7.12266,-2.29541,1.09162e1];
    
    B = [7.30068e-1,0,0,0;
    0,-2.07532e-3,0,0;
    0,0,3.84053e-2,0;
    0,0,0,-6.25582e-2];

    c = [4.91966e-2,0,0,0;
        0,7.57591e-2,0,0;
        0,0,2.17238e-1,0;
        0,0,0,1.00009e-1];

    d = [5.00036e1;5.00008e1;4.99648e1;5.00045e1];

    x = [x(1);x(2);x(3);x(4)];

    y = a+a0*(c*x-d)+(c*x-d)'*B*(c*x-d);
end