function y = D_stress_line(x)
    a = 9.42799e2;
    a0 = [1.88104e1,7.09516,-2.32651,1.08948e1];
    
    c = [4.91966e-2,0,0,0;
        0,7.57591e-2,0,0;
        0,0,2.17238e-1,0;
        0,0,0,1.00009e-1];

    d = [5.00036e1;5.00008e1;4.99648e1;5.00045e1];

    x = [x(1);x(2);x(3);x(4)];

    y = a+a0*(c*x-d);
end