% -------------------------------------------------------------------
%  Generated by MATLAB on 29-May-2024 15:29:39
%  MATLAB version: 9.13.0.2049777 (R2022b)
% -------------------------------------------------------------------
                               

rep = struct;
rep(1, 1).Position = [997.06938287785522 666.22156700284529 228.4157818251615 ...
                      490.17252877989586];
rep(1, 1).Velocity = [0 0 0 0];
rep(1, 1).Cost = [0.0043351286677741864; 0.0055896090092297174; 0.97274304050453353; ...
                  0.28528764324731415];
rep(1, 1).Best = struct;
rep(1, 1).Best.Position = [997.06938287785522 666.22156700284529 228.4157818251615 ...
                           490.17252877989586];
rep(1, 1).Best.Cost = [0.0043351286677741864; 0.0055896090092297174; 0.97274304050453353; ...
                       0.28528764324731415];
rep(1, 1).IsDominated = false;
rep(1, 1).GridIndex = 5735;
rep(1, 1).GridSubIndex = [8 8 8 2];
rep(2, 1).Position = [1000.8236942778946 648.41307670582614 226.70574237134119 ...
                      490.21707685662409];
rep(2, 1).Velocity = [0 0 0 0];
rep(2, 1).Cost = [0.0042651439202368475; 0.0055570263466547132; 0.96462464784107083; ...
                  0.2854324193605452];
rep(2, 1).Best = struct;
rep(2, 1).Best.Position = [1000.8236942778946 648.41307670582614 226.70574237134119 ...
                           490.21707685662409];
rep(2, 1).Best.Cost = [0.0042651439202368475; 0.0055570263466547132; 0.96462464784107083; ...
                       0.2854324193605452];
rep(2, 1).IsDominated = false;
rep(2, 1).GridIndex = 1793;
rep(2, 1).GridSubIndex = [3 5 2 2];
rep(3, 1).Position = [996.542663772419 655.60666701579248 233.53648660939345 ...
                      491.27171779831315];
rep(3, 1).Velocity = [0 0 0 0];
rep(3, 1).Cost = [0.0042690694577857324; 0.0055482912140410231; 0.97312275752622057; ...
                  0.29128132565550974];
rep(3, 1).Best = struct;
rep(3, 1).Best.Position = [996.542663772419 655.60666701579248 233.53648660939345 ...
                           491.27171779831315];
rep(3, 1).Best.Cost = [0.0042690694577857324; 0.0055482912140410231; 0.97312275752622057; ...
                       0.29128132565550974];
rep(3, 1).IsDominated = false;
rep(3, 1).GridIndex = 1771;
rep(3, 1).GridSubIndex = [3 4 8 7];
rep(4, 1).Position = [1006.9038259347025 648.55048148794094 230.85217234545908 ...
                      490.1638626788461];
rep(4, 1).Velocity = [0 0 0 0];
rep(4, 1).Cost = [0.0042573457381385113; 0.0055807950340843807; 0.97058613225144763; ...
                  0.29057503888179553];
rep(4, 1).Best = struct;
rep(4, 1).Best.Position = [1006.9038259347025 648.55048148794094 230.85217234545908 ...
                           490.1638626788461];
rep(4, 1).Best.Cost = [0.0042573457381385113; 0.0055807950340843807; 0.97058613225144763; ...
                       0.29057503888179553];
rep(4, 1).IsDominated = false;
rep(4, 1).GridIndex = 1266;
rep(4, 1).GridSubIndex = [2 7 6 6];
rep(5, 1).Position = ...
  [966.37899731947607 996 996 996;
   651.49997209071068 648.38543516099128 646 646;
   226.26367280563221 235 225 235;
   503.26672611875478 510 490 490.20324942623489];
rep(5, 1).Velocity = [-7.4454034509468938 -0.16504632694969609 -7.0859910286852452 ...
                      0.039386747388766866];
rep(5, 1).Cost = [0.0043409736768697691; 0.005522876145979288; 0.96688184020688606; ...
                  0.29280220264495471];
rep(5, 1).Best = struct;
rep(5, 1).Best.Position = [1006.9038259347025 648.55048148794094 230.85217234545908 ...
                           490.1638626788461];
rep(5, 1).Best.Cost = [0.0042573457381385113; 0.0055807950340843807; 0.97058613225144763; ...
                       0.29057503888179553];
rep(5, 1).IsDominated = false;
rep(5, 1).GridIndex = 5219;
rep(5, 1).GridSubIndex = [8 2 4 8];

