function y = B1_stress_have_Xterms(x)
    a = 7.14894e2;

    a0 = [6.73016,1.15146e1,-3.15803,1.17821e1];
    
    B = [-7.97134e-2,6.28565e-1/2,-2.05067e-1/2,1.30462/2;
    6.28565e-1/2,-4.27445e-1,2.22965e-1/2,-1.09732/2;
    -2.05067e-1/2,2.22965e-1/2,1.08136e-1,-5.56534e-1/2;
    1.30462/2,-1.09732/2,-5.56534e-1/2,-1.33891];

    c = [5.17798e-2,0,0,0;
    0,6.89986e-2,0,0;
    0,0,2.10794e-1,0;
    0,0,0,1.09157e-1];

    d = [5.26337e1;4.55018e1;4.84582e1;5.45754e1];

    x = [x(1);x(2);x(3);x(4)];

    y = a+a0*(c*x-d)+(c*x-d)'*B*(c*x-d);
end