function y = B2_have_Xterms(x)
    a = 3.90748e-3;
    a0 = [7.63533e-5,6.52653e-5,-6.55265e-6,2.26517e-5];
    
    B = [-1.06361e-7,1.48987e-6/2,-6.62622e-7/2,3.75931e-6/2;
    1.48987e-6/2,-1.45631e-6,6.01563e-7/2,-1.41288e-6/2;
    -6.62622e-7/2,6.01563e-7/2,2.06933e-7,-2.70354e-6/2;
    3.75931e-6/2,-1.41288e-6/2,-2.70354e-6/2,-3.35854e-6]

    x = [x(1);x(2);x(3);x(4)];
    y = a+a0*x+x'*B*x;
    % y(1)=-(x(1)*100/3 + x(3)*90/3  + x(2)*80/2+x(4)*70/2);
    % y(2)=x(3)+x(4);
    % 函数定义时，function前面不能加任何注释（%）或者（%%）
end