function y = D_stress_no_Xterms(x)
    a = 9.42795e2;

    a0 = [1.87656e1,8.08281,-3.25166,9.0028];
    
    B = [-1.98369e-1,0,0,0;
    0,1.66653e-1,0,0;
    0,0,-1.54612e-1,0;
    0,0,0,-2.87149e-1];

    x = [x(1);x(2);x(3);x(4)];

    y = a+a0*x+x'*B*x;
end