function y = B1_stress_no_Xterms(x)
    a = 7.1349e2;

    a0 = [6.63538,1.11579e1,-3.32913,1.11111e1];
    
    B = [2.13776e-1,0,0,0;
    0,1.20871e-1,0,0;
    0,0,7.81686e-2,0;
    0,0,0,-3.32761e-2];

    x = [x(1);x(2);x(3);x(4)];

    y = a+a0*x+x'*B*x;
end