function y = D_stress_have_Xterms(x)
    a = 9.42238e2;

    a0 = [1.83472e1,8.09366,-3.19509,8.73672];
    
    B = [4.45953e-1,4.74547e-1/2,6.83726e-1/2,-1.15196/2;
    4.74547e-1/2,-2.12025e-1,5.76266e-1/2,-7.25817e-1/2;
    6.83726e-1/2,5.76266e-1/2,-5.33805e-1,1.14546/2;
    -1.15196/2,-7.25817e-1/2,1.14546/2,8.7452e-2];

    x = [x(1);x(2);x(3);x(4)];

    y = a+a0*x+x'*B*x;
end